-65
-99
-206
-1
261
150
-79
-91
339
287
-69
-15
-275
-280
102
-244
-118
223
153
-166
85
442
-101
-296
239
284
-382
31
-76
-201
120
142
-280
-203
243
88
-433
-313
-267
-81
-249
6
89
147
223
-126
-463
54
-120
-319
-90
30
-336
-365
203
303
-567
-211
237
-198
10
138
-125
-308
139
117
-175
144
92
-311
120
-205
-468
-279
175
-109
-89
29
-326
-142
-32
-150
-449
-277
-12
75
-446
-156
-27
-352
-227
-38
-340
-335
371
-166
-229
-55
-318
-89
188
65
-182
-423
-323
-151
565
-125
-790
-89
-195
47
-190
-370
-93
-99
277
-299
-248
-371
-237
102
-137
-381
92
-232
-42
-100
-411
-240
-192
51
-63
-91
-604
-157
226
-263
-147
-8
-161
-249
-81
-215
-59
-291
-114
-61
-23
-463
-261
193
-306
-284
-64
-220
0
-452
51
344
-296
-180
248
-83
-339
23
173
-327
-110
168
-372
-330
-399
-46
-49
155
59
-319
-260
-308
-286
113
-74
-6
-284
-2
402
-305
-35
7
-301
-258
16
-397
-466
152
-171
-247
-358
-237
163
408
-371
-201
-208
-365
-44
265
-95
-209
-359
-48
219
20
-639
-303
100
-269
-168
64
-74
-43
-102
67
-212
72
271
-33
-217
-529
-224
-161
236
42
70
-293
-365
-190
28
210
-535
-631
225
221
-263
245
160
71
-103
-298
-257
72
-105
-167
58
-294
-37
11
-108
11
-228
-189
-369
-198
271
-174
-380
-316
-154
205
-170
-172
-104
-7
-404
-534
-268
-39
113
33
-421
-450
-218
-200
-249
-111
83
-107
-77
95
-68
203
-169
-326
-21
-121
-152
-701
-119
162
-343
-185
-374
165
207
-116
-220
-278
-234
-104
-231
297
-47
32
-253
-228
-302
-127
-217
-538
-95
-439
-352
-223
205
93
-105
-331
-77
-38
4
-283
-335
-353
-88
172
-327
-129
-19
-177
-398
-15
-130
-57
-270
-327
-152
27
233
-220
-137
-53
-304
-326
-177
-364
5
-291
-17
-23
-350
43
-52
44
-95
-155
-481
-171
-187
-302
-301
-110
-88
225
-177
34
-206
-510
-55
5
-268
-12
-206
-103
-90
211
-90
-447
-337
-344
-132
116
-506
-156
-47
-287
-91
374
-110
-287
76
-471
-118
-454
-186
264
-195
70
-124
-270
-210
-68
36
147
-117
-240
-212
-12
-378
-173
-5
-179
-556
-113
-40
-344
-321
45
-632
-324
-48
-90
286
-223
-248
-238
-317
-146
131
-13
-269
-262
-53
35
27
-461
-145
14
-118
-400
-148
267
-132
-174
-4
-153
318
256
247
4
-650
-293
-100
193
-56
-390
-317
-674
-282
-50
-17
14
-60
-32
210
-18
-248
96
196
-440
-465
-198
65
102
-98
-151
-345
-200
-109
78
-437
-186
-101
-110
-78
174
-230
-366
-132
129
-100
-142
-224
-198
-87
-54
-551
-16
-183
-327
-360
-302
-248
54
-81
-279
-159
-41
209
217
-116
-239
-47
-244
-318
-190
-501
-388
-284
-178
-195
96
-346
-419
280
-214
-107
-174
-336
-260
-193
-145
-501
-123
74
-259
-69
-803
-164
281
-41
-143
-211
-351
32
-68
-69
-566
18
-181
-433
170
-307
-32
-55
-103
223
-347
-74
-116
-258
15
-459
-301
-58
305
227
-270
-375
62
373
120
-343
-397
-243
139
-57
-349
-285
-248
48
85
-191
37
-360
-10
29
-351
-228
-385
117
22
-147
-521
-336
-82
-336
272
-257
-174
-125
255
157
-222
-434
331
-128
82
-585
-253
-119
-94
-78
-84
-120
33
-8
-205
-293
-548
-38
101
-362
-364
10
-67
-171
100
-40
3
-20
-314
165
145
-240
-215
35
48
-304
-368
-4
198
30
-208
-101
-213
-125
121
-118
-287
-158
339
-325
-393
169
-173
-338
-302
54
347
51
-477
-43
80
-158
-355
-459
-363
40
-326
-94
129
112
-114
-310
19
-282
199
-130
-374
-230
-52
-162
-258
134
148
56
-396
-441
-133
-393
-602
-249
-74
87
-285
-269
-200
45
75
-239
-138
22
-82
-183
-92
-209
-144
380
-300
-166
-25
59
-672
-360
67
105
205
-248
-106
-122
-49
-181
140
-237
-246
-308
1
42
187
-242
-148
-241
-384
155
-340
-364
-155
225
-236
-247
106
14
-188
-138
79
-188
-362
-315
-131
-144
-577
-502
40
-141
-141
-62
-544
-400
-146
-184
-74
-520
-340
-18
-262
-726
-365
119
-301
-422
-189
-274
-269
