144
208
24
24
7
41
11
85
59
104
225
110
226
201
8
159
26
27
163
122
33
41
201
67
70
166
228
40
50
179
0
177
137
63
13
188
255
64
94
8
8
156
25
29
157
146
190
115
219
135
39
100
237
127
72
227
168
21
73
132
16
153
140
107
80
163
61
110
47
229
148
170
97
110
56
150
74
193
62
44
238
239
226
188
14
205
185
193
73
238
205
244
160
110
68
201
79
104
193
72
88
197
234
81
148
48
7
166
149
40
126
166
40
54
59
178
13
153
135
222
59
191
239
74
193
154
82
240
115
167
97
0
185
210
176
19
76
177
52
249
109
94
162
241
197
5
100
76
50
247
166
35
250
98
97
80
103
193
8
11
61
45
71
228
29
90
164
169
9
61
205
149
231
18
163
62
14
192
167
120
115
81
186
48
107
123
245
197
52
123
119
121
134
193
196
7
127
86
33
65
29
170
251
180
39
55
11
133
161
113
206
95
94
225
238
64
153
31
66
23
55
109
205
155
76
136
22
169
184
166
44
133
73
106
116
238
38
114
141
237
250
122
10
53
213
2
176
155
97
151
77
161
157
216
119
63
147
106
84
76
249
75
192
124
10
196
227
189
95
230
225
74
249
202
223
184
90
135
93
167
235
187
253
55
236
43
73
99
88
119
115
212
59
148
185
215
49
229
91
168
125
114
53
1
195
232
203
174
29
29
161
57
255
123
240
209
231
201
227
233
47
244
182
109
4
94
252
244
102
133
58
194
177
159
90
83
207
19
228
224
154
12
116
98
110
163
49
26
44
134
234
151
242
106
138
217
90
100
9
168
242
107
216
100
97
178
245
230
203
144
204
122
79
203
188
98
175
46
118
37
134
199
107
54
166
17
204
178
157
240
149
204
78
28
191
74
14
44
243
160
174
249
2
223
59
109
251
37
103
239
126
70
135
119
45
134
0
195
210
143
73
254
242
101
191
222
79
102
242
23
3
33
239
162
231
156
79
162
123
238
255
242
86
50
66
170
31
204
3
83
39
46
149
181
67
11
3
62
50
191
254
104
110
46
197
182
145
192
165
191
178
84
68
118
37
145
195
66
191
240
178
224
203
235
251
53
249
121
110
172
173
52
69
31
50
64
246
167
212
217
191
248
187
150
159
192
66
43
140
170
210
226
200
37
224
246
15
144
12
248
157
83
170
159
75
157
193
249
101
188
92
155
244
103
54
128
2
138
118
248
149
187
218
154
214
249
122
201
55
2
214
86
30
8
56
202
109
211
57
249
168
22
217
13
147
8
67
137
31
140
137
94
159
147
83
13
238
169
187
21
17
68
179
68
9
6
139
49
119
59
122
183
178
252
191
54
140
152
118
160
41
245
207
219
129
183
201
126
172
3
115
32
51
137
14
17
46
81
248
75
168
183
147
105
56
56
43
126
201
42
71
78
205
60
118
217
57
172
113
145
9
104
25
247
69
54
100
239
198
249
72
181
138
96
2
7
163
52
180
54
48
148
158
191
41
252
131
139
50
3
179
241
89
187
185
180
181
201
213
209
95
44
72
13
168
71
171
75
135
227
12
174
115
128
26
162
229
183
71
94
193
211
148
40
22
153
246
150
148
79
71
22
122
136
102
171
41
217
24
205
136
240
75
171
81
74
78
16
16
151
230
133
95
30
248
77
186
69
3
142
203
89
144
174
139
240
185
50
165
211
61
9
212
153
196
126
100
79
182
158
207
213
26
32
113
182
40
236
74
60
18
123
236
44
226
247
241
88
71
137
67
138
153
186
