# kernel 0
-1 -1 +1
-1 -1 +1
-1 -1 +1

# kernel 1
+1 +1 +1
-1 -1 +1
-1 -1 +1

# kernel 2
-1 -1 -1
-1 -1 -1
+1 +1 +1

# kernel 3
-1 +1 +1
-1 -1 -1
+1 -1 -1

# kernel 4
-1 +1 +1
-1 -1 +1
-1 +1 +1

# kernel 5
+1 +1 +1
+1 -1 -1
-1 -1 -1

# kernel 6
+1 +1 -1
+1 -1 -1
-1 -1 +1

# kernel 7
+1 -1 -1
-1 +1 +1
-1 +1 +1

# kernel 8
+1 +1 -1
+1 +1 -1
+1 +1 +1

# kernel 9
+1 +1 +1
-1 +1 -1
-1 -1 -1

# kernel 10
+1 +1 +1
+1 +1 +1
-1 -1 -1

# kernel 11
+1 -1 -1
+1 -1 -1
+1 -1 -1

# kernel 12
-1 -1 -1
+1 -1 +1
+1 +1 +1

# kernel 13
-1 -1 -1
+1 -1 +1
+1 +1 +1

# kernel 14
+1 -1 -1
+1 +1 -1
+1 -1 -1

# kernel 15
+1 +1 +1
-1 -1 +1
-1 -1 -1

# kernel 16
+1 +1 -1
-1 -1 -1
-1 -1 +1

# kernel 17
+1 +1 +1
+1 +1 +1
+1 -1 -1

# kernel 18
-1 +1 +1
-1 -1 +1
-1 +1 +1

# kernel 19
+1 +1 +1
+1 +1 -1
-1 -1 -1

# kernel 20
-1 -1 +1
-1 -1 +1
-1 +1 +1

# kernel 21
+1 -1 -1
+1 -1 -1
-1 -1 +1

# kernel 22
-1 -1 -1
-1 +1 +1
+1 +1 +1

# kernel 23
-1 -1 +1
-1 -1 +1
+1 +1 +1

# kernel 24
-1 +1 +1
-1 -1 -1
-1 -1 -1

# kernel 25
-1 -1 +1
-1 +1 -1
+1 +1 -1

# kernel 26
-1 -1 -1
-1 -1 +1
+1 +1 +1

# kernel 27
-1 -1 +1
-1 +1 +1
+1 +1 +1

# kernel 28
+1 +1 +1
+1 +1 -1
+1 -1 -1

# kernel 29
+1 +1 -1
+1 +1 -1
+1 -1 -1

# kernel 30
-1 +1 +1
+1 +1 +1
-1 -1 -1

# kernel 31
+1 -1 -1
+1 -1 -1
+1 +1 +1

# kernel 32
-1 -1 +1
-1 -1 +1
+1 +1 +1

# kernel 33
-1 -1 -1
-1 -1 -1
-1 +1 +1

# kernel 34
+1 +1 +1
+1 +1 -1
-1 -1 -1

# kernel 35
+1 +1 +1
-1 +1 -1
+1 +1 +1

# kernel 36
-1 +1 +1
+1 -1 -1
+1 +1 -1

# kernel 37
-1 -1 -1
-1 +1 +1
+1 +1 +1

# kernel 38
+1 +1 +1
-1 -1 +1
-1 -1 +1

# kernel 39
+1 -1 -1
+1 -1 -1
+1 +1 -1

# kernel 40
-1 -1 -1
-1 -1 -1
+1 +1 +1

# kernel 41
-1 -1 -1
+1 -1 +1
-1 -1 -1

# kernel 42
+1 +1 +1
-1 -1 +1
-1 -1 +1

# kernel 43
-1 -1 +1
+1 +1 +1
-1 -1 -1

# kernel 44
+1 +1 +1
-1 -1 -1
-1 -1 -1

# kernel 45
-1 -1 -1
+1 +1 -1
+1 +1 +1

# kernel 46
+1 -1 -1
+1 -1 -1
-1 +1 +1

# kernel 47
+1 +1 +1
+1 -1 -1
+1 -1 -1

# kernel 48
+1 -1 -1
-1 -1 +1
-1 -1 +1

# kernel 49
+1 +1 -1
+1 -1 -1
+1 -1 -1

# kernel 50
+1 -1 -1
-1 -1 +1
-1 -1 +1

# kernel 51
-1 +1 -1
-1 -1 -1
-1 +1 -1

# kernel 52
-1 +1 -1
+1 +1 +1
+1 +1 -1

# kernel 53
-1 -1 +1
-1 -1 -1
+1 +1 -1

# kernel 54
-1 +1 +1
-1 +1 -1
-1 -1 -1

# kernel 55
+1 +1 -1
+1 -1 -1
+1 -1 -1

# kernel 56
-1 -1 -1
-1 -1 -1
+1 +1 +1

# kernel 57
+1 +1 +1
+1 +1 -1
-1 -1 -1

# kernel 58
+1 -1 +1
+1 +1 +1
+1 -1 +1

# kernel 59
-1 -1 -1
+1 +1 +1
+1 +1 -1

# kernel 60
-1 -1 -1
-1 +1 -1
+1 +1 -1

# kernel 61
-1 +1 +1
-1 -1 +1
-1 +1 +1

# kernel 62
-1 -1 -1
-1 -1 +1
-1 -1 +1

# kernel 63
-1 -1 -1
+1 +1 -1
+1 -1 -1

