-523
-194
-405
-1166
-950
-864
-973
-507
-612
-1059
-961
-846
-1000
-959
-796
-750
-778
-875
-616
-943
-985
-945
-1166
-747
-660
-780
-1137
-374
-661
-639
-282
-937
-758
-236
-809
-749
-1195
-971
-215
-1158
-1208
-544
-1064
-482
-930
-1132
-800
-789
-517
-776
-764
-500
-774
-867
-534
-593
-240
-378
-1126
-767
-550
-618
-480
-31
-376
-860
-941
-452
51
-935
-1232
-513
-900
-786
-812
-832
-13
-466
-157
-1496
-794
-761
-156
-119
-726
-462
-1298
-534
-194
-426
-257
-962
-90
-347
-706
-535
-727
-442
309
-1224
-903
-256
-748
-580
-560
-934
-532
-481
-724
-1233
334
-100
-429
-425
-903
-181
-794
-807
-466
-586
-52
-932
-1176
-461
-825
-925
-195
-882
668
-675
-941
-314
-1186
-287
-1052
-761
-335
-592
59
-413
-131
-295
-917
43
-749
-705
-1281
-1001
-1018
-752
-592
-800
-269
-217
-300
-956
-355
-415
-237
-812
-1098
-930
-690
-693
-719
-124
-509
-12
-1110
-671
-180
-609
-790
24
-459
-454
-515
-855
-252
-962
-153
-273
-622
-408
-462
-469
-942
-1100
-844
-242
-513
-1301
-613
-718
-470
633
-330
-300
-755
-891
-569
-583
191
-252
-206
-125
-178
-1180
-205
-989
-1067
-223
-1273
-695
-927
-471
-1154
-505
-449
-293
-180
-922
-505
168
-993
-272
-740
-872
-583
-845
-843
-1089
-605
-389
143
-672
-822
-1216
-1106
-937
-1273
-129
-445
-218
-447
-449
-750
-290
-722
-317
21
-784
-640
-627
-592
-163
-572
-982
-1207
-590
-648
-1168
-958
-251
-141
-472
-143
-517
-735
-762
-1040
-678
-428
-871
-854
-74
-568
-1388
-940
-58
-269
-233
-1019
-1000
-822
-511
-501
-605
-855
-559
-359
-712
-778
-33
-382
-799
3
-671
-924
-1009
-1110
-1273
-892
-233
-1185
-792
-104
-403
-1044
-368
-766
-593
-954
-1344
40
-166
-177
-491
-925
-1052
-878
-745
-1112
-517
-737
-1142
-1039
-38
-153
-1148
-1246
-539
-918
-569
-69
224
-802
-505
-898
-432
-892
-974
-180
-1297
-676
-908
-589
-675
-984
-1169
-928
-1072
-1068
-476
-713
-643
-605
-428
-269
-638
-778
-15
-245
-189
-653
-583
-235
-604
-826
-284
-1282
-1010
-410
-1112
-1252
-789
-669
-118
-775
-394
-1178
-865
-523
-376
-169
-867
-826
-741
-540
-346
-171
-131
-599
-598
-269
-472
-1288
-373
-334
-762
-1241
-335
-232
-432
-1129
102
-447
-359
-761
-655
-685
-898
-807
-823
-461
-791
-352
-813
-245
-7
-1131
334
-795
-834
-317
-1065
-470
-389
116
-486
-803
-90
-729
-1216
-435
-597
-637
-1085
-781
-961
-884
-455
-207
-760
-426
133
-81
-302
-562
-993
-1066
-191
-956
-1249
-392
-739
-509
-446
-302
-809
-225
-436
-485
-870
-372
-999
-155
-82
-315
-141
-640
-581
-595
-762
-741
-1
-540
-803
-999
-957
-813
-521
-739
-486
-669
-353
-731
-1287
-537
-776
-565
-346
-1263
-621
-676
-800
-720
-390
-662
-986
-666
-696
-444
-441
-979
-921
-87
-1139
-320
-467
-420
-172
-849
-686
-486
-318
-1166
-1239
-1233
-1239
-974
-273
-1078
-142
-67
-1207
-968
-796
-804
-638
-396
236
-871
-598
-29
-876
127
-424
-739
-494
-607
-422
-827
-803
-687
-550
-1050
-334
-520
-758
-570
-614
-989
-143
-479
-795
-817
-769
-423
87
-1176
-248
-1072
-1010
-592
-554
-713
-967
-725
-647
-980
-1498
-478
-478
-727
-238
-519
-869
-211
-698
-633
-518
-357
-9
74
-1085
-444
-495
-509
-465
-1712
12
-591
-666
-355
-701
-968
-717
-740
-1104
-1107
-1323
-146
-686
-759
-102
-249
-1016
-203
-730
-363
-1020
-380
-805
282
-370
-547
-523
-614
360
-559
-327
-323
-802
-856
-842
-1410
-203
-685
-118
-1286
-754
-610
-636
-621
53
-639
-746
-553
-572
-246
-1123
-23
-12
-747
-709
-903
-278
-319
-1008
-389
-713
-892
-544
-480
-31
-492
20
-537
-331
-121
-1098
-897
-247
-419
-222
-86
-462
-830
-629
44
-260
-785
-642
-284
-476
-985
-888
-835
-483
-691
-45
-280
-672
422
-833
72
-602
-46
-1433
140
-569
-484
-669
-144
-587
-916
-859
-24
-576
-699
-295
-85
-1077
-787
154
-1230
-721
-921
-713
-740
-119
-103
-1353
-487
-818
250
-1001
-81
-152
-526
-898
-517
-1296
-1435
-513
-598
-359
-1025
-393
-563
-388
-946
-776
-611
-387
-283
-408
-805
-618
-642
-613
-566
-719
-734
-446
-255
-664
-938
-360
-933
-547
-879
-456
-781
-330
-478
-68
-813
7
-372
104
-221
-464
840
-172
-234
-144
-355
-313
-115
-230
-418
-18
-439
-438
-155
66
-509
-153
-115
-174
410
166
