8
185
88
111
191
138
99
67
48
68
100
249
67
40
127
45
33
51
206
229
217
85
53
204
120
134
31
216
14
127
160
29
208
161
116
100
83
151
198
160
173
193
54
126
126
57
118
170
107
131
59
173
52
139
181
169
63
196
144
15
138
137
135
245
15
140
59
142
252
140
76
231
51
218
125
69
151
117
140
92
189
209
48
225
71
217
216
47
124
91
112
16
45
88
184
95
72
215
222
173
36
146
75
31
190
30
190
222
190
75
79
87
255
139
49
58
133
9
97
139
135
24
60
229
52
107
73
226
194
51
72
223
74
189
116
78
92
139
189
4
184
93
52
199
243
109
30
181
205
194
94
197
89
159
78
0
109
47
177
9
250
117
220
128
15
173
204
85
116
105
201
111
148
235
105
238
187
96
8
52
18
181
41
135
239
112
47
83
226
235
130
75
192
32
100
206
233
91
57
39
6
1
3
81
74
206
104
30
130
100
39
38
176
131
240
71
138
174
209
178
188
14
93
148
67
201
211
114
169
128
103
43
105
76
135
204
214
211
190
204
121
206
74
60
8
210
72
15
56
104
221
81
242
149
96
37
149
231
196
204
13
64
1
133
177
55
207
129
35
54
98
74
140
114
162
129
212
103
171
247
232
55
119
60
190
233
159
196
80
166
184
3
11
129
85
80
243
194
231
238
108
26
11
223
213
173
248
21
131
115
209
215
115
31
77
216
28
30
10
116
158
110
45
94
166
73
250
250
249
61
118
243
151
59
94
173
227
187
64
102
153
131
208
53
190
170
186
239
252
88
207
68
175
124
96
142
15
148
181
172
69
130
121
61
236
78
174
80
129
207
205
189
141
132
137
50
234
205
164
172
163
68
208
241
162
18
40
175
76
184
108
165
121
49
189
118
28
239
199
247
72
176
205
56
11
145
24
91
50
167
20
164
134
154
158
167
155
55
106
27
24
213
138
41
159
122
53
177
215
22
56
215
149
181
168
162
159
245
249
238
247
31
99
96
133
174
104
84
167
6
108
204
18
209
132
10
82
167
171
49
83
189
97
49
137
29
245
99
16
62
42
40
41
101
69
204
221
184
183
216
121
213
102
97
82
111
130
7
64
17
152
182
51
82
149
27
129
247
205
156
228
241
203
43
158
112
229
240
91
85
115
173
123
134
222
253
141
175
239
157
214
216
66
185
195
4
64
96
75
99
16
207
140
41
234
28
131
41
34
39
105
77
58
92
235
249
127
182
116
47
73
124
80
233
253
216
190
124
5
241
9
187
182
102
229
115
136
108
107
203
161
141
126
123
61
165
148
181
191
122
42
60
36
154
104
195
97
245
211
207
231
187
219
30
57
81
121
205
226
108
245
2
239
102
42
169
127
38
128
71
60
0
83
189
190
202
178
54
145
107
58
169
13
90
241
203
165
161
243
222
100
144
58
156
89
239
97
161
141
157
147
17
118
236
193
13
38
148
134
50
205
83
191
217
156
82
5
255
37
253
5
247
4
150
2
119
11
48
14
141
172
212
237
164
192
210
55
42
255
2
98
40
66
40
181
3
61
177
153
139
180
103
31
59
80
87
159
37
207
18
33
27
182
48
124
112
168
219
32
71
1
213
65
28
44
212
101
4
94
146
65
59
201
35
159
195
140
82
54
115
240
134
129
62
251
254
166
143
21
66
193
120
100
140
36
3
229
125
68
222
183
128
167
232
158
141
172
191
92
180
98
253
51
27
177
114
31
251
134
183
71
221
125
142
152
196
87
164
88
71
142
231
217
112
